0.154695034027
0.142624139786
0.141706943512
0.141324996948
0.141003847122
0.14111495018
0.141191959381
0.139944076538
0.141607046127
0.140262126923
0.140638113022
0.141335010529
0.141889095306
0.140939950943
0.140818119049
0.142164945602
0.141192913055
0.140129089355
0.14023900032
0.14058804512
0.140425205231
0.14136505127
0.140196084976
0.140724897385
0.141066074371
0.141209840775
0.141078948975
0.141407966614
0.140897989273
0.140566825867
0.140287160873
0.140646934509
0.141162872314
0.14141702652
0.140891075134
0.141493797302
0.141188144684
0.141137838364
0.140957832336
0.141537904739
0.14269900322
0.141071081161
0.140749931335
0.142617940903
0.140815973282
0.142085075378
0.140450954437
0.141440153122
0.141383886337
0.141988992691
0.147970914841
0.140501976013
0.140820026398
0.141778945923
0.141544818878
0.141905069351
0.140475034714
0.141613006592
0.140685081482
0.141142129898
0.141278982162
0.141302108765
0.141680955887
0.141797065735
0.139594078064
0.141363859177
0.141623973846
0.141629934311
0.141155958176
0.141360044479
0.141140937805
0.141000032425
0.141736984253
0.140805959702
0.140950202942
0.141012191772
0.141876935959
0.141526937485
0.141945838928
0.140652179718
0.141030073166
0.140403985977
0.140538930893
0.142246007919
0.141479969025
0.140722990036
0.141165018082
0.141645908356
0.140524864197
0.141071796417
0.141438007355
0.141247034073
0.140974998474
0.142284870148
0.141899108887
0.141819000244
0.141053199768
0.141247034073
0.141047000885
0.141139984131

0.14139223814
