0.220880031586
0.217687129974
0.210216999054
0.219078063965
0.209614992142
0.210274934769
0.20973610878
0.210067987442
0.209999084473
0.210000038147
0.20950293541
0.210191965103
0.210407972336
0.210286855698
0.210191011429
0.211655139923
0.210083007812
0.209641933441
0.209862947464
0.210722923279
0.210387945175
0.209954023361
0.209697961807
0.210196018219
0.210077047348
0.210120916367
0.209185123444
0.209534883499
0.210180997849
0.210487127304
0.209630966187
0.21064209938
0.209879159927
0.210675001144
0.21207690239
0.209434986115
0.215162992477
0.210024833679
0.212227106094
0.215909957886
0.208925008774
0.209413051605
0.210011959076
0.210702896118
0.209561109543
0.209954977036
0.209725141525
0.209187984467
0.210512876511
0.210029840469
0.209537029266
0.209408044815
0.209906101227
0.209974050522
0.211108922958
0.216780900955
0.208921194077
0.209311962128
0.209259986877
0.20999288559
0.20982503891
0.210645914078
0.210592031479
0.210404157639
0.209747076035
0.210322856903
0.210186004639
0.210066080093
0.209625005722
0.210314035416
0.210238933563
0.210783958435
0.2134141922
0.209907054901
0.209088087082
0.210382938385
0.209629058838
0.210834980011
0.210006952286
0.209805965424
0.210488080978
0.20987200737
0.210426092148
0.208983898163
0.209875106812
0.210086107254
0.209436893463
0.209491014481
0.209920883179
0.21421790123
0.210779905319
0.210518121719
0.210022926331
0.209818124771
0.210587978363
0.209547042847
0.210035800934
0.209658145905
0.209470033646
0.209738016129

0.210566084385
