0.164124011993
0.141825199127
0.140981912613
0.140855073929
0.141489028931
0.141579866409
0.141310930252
0.140625
0.141155958176
0.140599012375
0.14156794548
0.141120195389
0.141327857971
0.140933036804
0.140990972519
0.140882015228
0.140840053558
0.141293048859
0.143500804901
0.141630887985
0.140801906586
0.140750169754
0.14031791687
0.140935897827
0.140525817871
0.141637086868
0.140691041946
0.140720844269
0.141812086105
0.141238927841
0.140515089035
0.141222000122
0.140156030655
0.141661882401
0.140722036362
0.141222000122
0.140583992004
0.140606164932
0.140868902206
0.141448020935
0.141350984573
0.141113042831
0.140852928162
0.141272068024
0.14068198204
0.141262054443
0.141987800598
0.140315055847
0.140871047974
0.141051054001
0.141503095627
0.141037940979
0.141499042511
0.141991138458
0.140477180481
0.14098906517
0.141689062119
0.141420125961
0.141124010086
0.141559839249
0.141237974167
0.140877008438
0.141012907028
0.140684127808
0.141443014145
0.141088962555
0.141259908676
0.140232086182
0.1407289505
0.14134311676
0.142180919647
0.141632080078
0.141194105148
0.146623849869
0.141396045685
0.141611099243
0.140405893326
0.141258001328
0.141726970673
0.141910791397
0.141273975372
0.140595912933
0.141134977341
0.141578912735
0.141861915588
0.141412973404
0.140630960464
0.140726089478
0.141175985336
0.141733169556
0.141150951385
0.141326904297
0.141030073166
0.140784978867
0.140726089478
0.139511823654
0.142221927643
0.141577959061
0.141903877258
0.14178609848

0.141451125145
